t	θ	ω	α
471.000	0.775	20.03	-15.65
471.033	1.431	19.98	-13.62
471.067	2.107	19.38	-24.05
471.100	2.723	18.13	-25.62
471.133	3.315	17.71	-32.95
471.167	3.904	16.18	-47.20
471.200	4.394	14.22	-45.11
471.233	4.851	13.30	-41.28
471.267	5.280	11.60	-52.33
471.300	5.624	9.610	-48.48
471.333	5.921	8.413	-49.32
471.367	6.185	6.488	-58.93
471.400	6.354	4.257	-65.76
471.433	6.469	2.255	-61.94
471.467	6.504	4.066E-2	-62.03
471.500	6.472	-1.867	-59.67
471.533	6.380	-3.890	-58.59
471.567	6.212	-5.846	-54.56
471.600	5.990	-7.489	-53.49
471.633	5.713	-9.372	-51.88
471.667	5.365	-11.05	-49.34
471.700	4.976	-12.55	-53.24
471.733	4.528	-14.60	-43.29
471.767	4.003	-15.66	-35.65
471.800	3.484	-16.63	-35.04
471.833	2.894	-18.24	-32.57
471.867	2.268	-18.80	-16.53
471.900	1.641	-19.22	-21.33
471.933	0.987	-20.24	-13.47
471.967	0.292	-20.32	-4.494
472.000	-0.367	-20.23	-5.673
472.033	-1.057	-20.88	2.565
472.067	-1.759	-20.17	14.49
472.100	-2.402	-19.58	12.81
472.133	-3.065	-19.58	16.77
472.167	-3.707	-18.45	31.35
472.200	-4.295	-17.34	30.11
472.233	-4.863	-16.55	34.65
472.267	-5.398	-15.07	43.09
472.300	-5.867	-13.55	46.04
472.333	-6.301	-12.11	46.44
472.367	-6.675	-10.39	53.95
472.400	-6.994	-8.549	56.39
472.433	-7.245	-6.595	55.33
472.467	-7.433	-4.852	53.33
472.500	-7.568	-3.082	61.34
472.533	-7.639	-0.790	63.17
472.567	-7.621	1.265	55.83
472.600	-7.554	2.831	54.29
472.633	-7.432	4.850	57.97
472.667	-7.231	6.805	56.45
472.700	-6.979	8.529	54.08
472.733	-6.662	10.44	50.26
472.767	-6.283	11.94	48.96
472.800	-5.867	13.57	54.26
472.833	-5.378	15.64	37.28
472.867	-4.824	16.24	28.79
472.900	-4.296	17.12	31.01
472.933	-3.682	18.69	26.54
472.967	-3.050	18.81	16.05
473.000	-2.428	19.54	23.45
473.033	-1.747	20.63	10.39
473.067	-1.053	20.24	0.525
473.100	-0.397	20.37	5.546
473.133	0.305	20.92	-5.827
473.167	0.997	19.96	-20.55
473.200	1.636	19.31	-18.35
473.233	2.285	18.97	-24.88
473.267	2.900	17.61	-30.47
473.300	3.459	16.77	-31.08
473.333	4.018	15.80	-38.92
473.367	4.512	14.01	-46.24
473.400	4.952	12.69	-41.62
473.433	5.358	11.33	-48.96
473.467	5.707	9.406	-55.76
473.500	5.985	7.547	-57.87
473.533	6.210	5.631	-57.37
473.567	6.361	3.642	-58.96
473.600	6.453	1.756	-55.63
473.633	6.478	-0.110	-58.84
473.667	6.446	-2.102	-59.54
473.700	6.338	-4.153	-57.35
473.733	6.169	-5.903	-50.46
473.767	5.944	-7.516	-55.13
473.800	5.668	-9.506	-54.65
473.833	5.310	-11.31	-52.56
473.867	4.914	-12.87	-47.36
473.900	4.453	-14.56	-43.73
473.933	3.943	-15.78	-34.90
473.967	3.401	-16.84	-31.58
474.000	2.820	-17.90	-29.22
474.033	2.207	-18.80	-21.75
474.067	1.567	-19.37	-23.94
474.100	0.916	-20.28	-22.26
474.133	0.215	-21.03	-1.129
474.167	-0.487	-20.36	11.72
474.200	-1.142	-20.00	6.123
474.233	-1.820	-20.17	12.78
474.267	-2.487	-19.17	19.40
474.300	-3.098	-18.63	16.12
474.333	-3.728	-18.37	25.43
474.367	-4.323	-16.87	35.31
474.400	-4.853	-15.83	38.49
474.433	-5.378	-14.59	43.27
474.467	-5.826	-12.73	47.23
474.500	-6.227	-11.48	39.97
474.533	-6.591	-10.12	46.33
474.567	-6.902	-8.372	53.93
474.600	-7.150	-6.510	57.62
474.633	-7.336	-4.547	60.47
474.667	-7.453	-2.464	63.58
474.700	-7.500	-0.315	60.54
474.733	-7.474	1.618	60.27
474.767	-7.392	3.617	58.54
474.800	-7.233	5.617	54.25
474.833	-7.018	7.198	47.83
474.867	-6.753	8.781	52.88
474.900	-6.432	10.70	53.78
474.933	-6.039	12.46	44.48
474.967	-5.602	13.63	49.26
475.000	-5.131	15.58	45.20
475.033	-4.563	17.00	30.26
475.067	-3.998	17.33	23.02
475.100	-3.408	18.52	25.17
475.133	-2.763	19.21	17.01
475.167	-2.127	19.45	17.02
475.200	-1.466	20.39	17.00
475.233	-0.768	20.72	-3.060
475.267	-8.492E-2	20.09	-6.673
475.300	0.572	20.14	-6.001
475.333	1.257	19.96	-16.89
475.367	1.902	18.85	-21.39
475.400	2.514	18.46	-20.26
475.433	3.133	17.72	-27.42
475.467	3.695	16.43	-34.95
475.500	4.229	15.47	-40.41
475.533	4.727	13.81	-54.95
475.567	5.149	11.70	-48.68
475.600	5.506	10.48	-44.67
475.633	5.848	8.975	-54.21
475.667	6.105	6.681	-54.59
475.700	6.293	5.278	-50.52
475.733	6.457	3.545	-53.19
475.767	6.530	1.498	-64.70
475.800	6.556	-0.575	-64.05
475.833	6.491	-2.929	-64.90
475.867	6.361	-4.848	-53.61
475.900	6.168	-6.529	-49.72
475.933	5.926	-8.116	-52.86
475.967	5.627	-10.04	-57.97
476.000	5.257	-12.03	-49.37
476.033	4.825	-13.38	-38.72
476.067	4.365	-14.50	-45.42
476.100	3.858	-16.38	-41.49
476.133	3.273	-17.51	-31.07
476.167	2.690	-18.17	-30.17
476.200	2.061	-19.62	-20.32
476.233	1.382	-19.73	-4.718
476.267	0.746	-19.58	-12.10
476.300	7.718E-2	-20.68	-7.518
476.333	-0.633	-20.32	6.141
476.367	-1.278	-19.84	4.965
476.400	-1.955	-20.28	10.13
476.433	-2.629	-19.22	28.49
476.467	-3.237	-18.11	21.68
476.500	-3.837	-17.91	21.14
476.533	-4.430	-16.83	35.67
476.567	-4.959	-15.34	35.42
476.600	-5.453	-14.50	40.34
476.633	-5.925	-12.82	47.37
476.667	-6.307	-11.06	47.90
476.700	-6.663	-9.828	49.13
476.733	-6.963	-7.779	60.33
476.767	-7.181	-5.700	58.67
476.800	-7.343	-3.926	55.68
476.833	-7.443	-1.995	58.71
476.867	-7.476	7.389E-3	59.59
476.900	-7.443	1.973	57.53
476.933	-7.344	3.854	55.83
476.967	-7.186	5.679	57.38
477.000	-6.966	7.664	53.58
477.033	-6.675	9.334	50.48
477.067	-6.343	10.92	54.28
477.100	-5.947	12.99	49.01
477.133	-5.478	14.32	40.36
477.167	-4.992	15.46	38.90
477.200	-4.447	17.04	35.00
477.233	-3.856	17.84	27.17
477.267	-3.257	18.68	27.92
477.300	-2.610	19.84	14.85
477.333	-1.935	19.76	2.116
477.367	-1.293	19.71	7.238
477.400	-0.621	20.41	2.757
477.433	6.767E-2	20.00	-11.36
477.467	0.712	19.41	-5.666
477.500	1.362	19.71	-10.69
477.533	2.026	18.90	-21.55
477.567	2.622	17.94	-24.34
477.600	3.222	17.51	-33.49
477.633	3.789	15.74	-43.81
477.667	4.271	14.31	-39.24
477.700	4.743	13.38	-44.38
477.733	5.163	11.33	-50.48
477.767	5.498	9.804	-43.87
477.800	5.816	8.635	-47.08
477.833	6.074	6.608	-62.61
477.867	6.257	4.419	-60.66
477.900	6.369	2.538	-54.31
477.933	6.426	0.842	-53.96
477.967	6.425	-1.049	-61.80
478.000	6.356	-3.270	-61.32
478.033	6.207	-5.230	-56.75
478.067	6.007	-6.956	-58.41
478.100	5.743	-9.124	-57.10
478.133	5.399	-10.88	-48.10
478.167	5.017	-12.21	-43.54
478.200	4.585	-13.81	-36.49
478.233	4.097	-14.76	-36.66
478.267	3.601	-16.00	-42.29
478.300	3.030	-17.79	-34.85
478.333	2.415	-18.36	-24.17
478.367	1.806	-19.16	-21.83
478.400	1.138	-20.07	-5.129
478.433	0.468	-19.48	-4.623
478.467	-0.161	-20.02	-10.86
478.500	-0.867	-20.70	-1.006
478.533	-1.541	-19.83	13.71
478.567	-2.190	-19.72	11.14
478.600	-2.855	-19.31	26.72
478.633	-3.477	-17.83	29.34
478.667	-4.044	-17.19	24.07
478.700	-4.623	-16.51	31.07
478.733	-5.145	-14.95	42.95
478.767	-5.620	-13.65	41.99
478.800	-6.055	-12.21	45.32
478.833	-6.433	-10.58	48.46
478.867	-6.760	-8.997	53.27
478.900	-7.033	-7.064	56.26
478.933	-7.231	-5.158	58.75
478.967	-7.377	-3.241	56.11
479.000	-7.447	-1.322	55.35
479.033	-7.465	0.384	54.89
479.067	-7.422	2.337	59.26
479.100	-7.309	4.361	57.28
479.133	-7.131	6.171	55.99
479.167	-6.898	8.039	58.46
479.200	-6.595	10.10	49.24
479.233	-6.224	11.42	48.11
479.267	-5.834	13.06	47.22
479.300	-5.354	14.85	41.06
479.333	-4.844	15.68	32.91
479.367	-4.309	16.96	34.50
479.400	-3.714	18.14	23.41
479.433	-3.099	18.47	24.48
479.467	-2.483	19.59	19.53
479.500	-1.794	20.14	8.745
479.533	-1.140	19.84	1.867
479.567	-0.471	20.36	0.970
479.600	0.218	20.05	-12.97
479.633	0.865	19.29	-11.08
479.667	1.504	19.34	-10.27
479.700	2.154	18.78	-26.94
479.733	2.756	17.40	-25.04
479.767	3.314	16.99	-26.12
479.800	3.889	16.00	-41.41
479.833	4.381	13.96	-45.89
479.867	4.819	12.92	-40.85
479.900	5.242	11.46	-50.51
479.933	5.583	9.361	-55.79
479.967	5.866	7.769	-52.92
480.000	6.101	5.910	-58.79
480.033	6.260	3.774	-59.56
480.067	6.353	1.934	-58.22
480.100	6.389	-4.018E-2	-57.34
480.133	6.350	-1.980	-58.18
480.167	6.257	-3.835	-55.39
480.200	6.094	-5.738	-55.26
480.233	5.875	-7.483	-54.61
480.267	5.596	-9.371	-52.82
480.300	5.250	-11.06	-47.07
480.333	4.858	-12.47	-49.79
480.367	4.419	-14.32	-45.60
480.400	3.904	-15.70	-32.26
480.433	3.373	-16.32	-33.57
480.467	2.816	-17.85	-34.37
480.500	2.183	-18.89	-21.64
480.533	1.556	-19.06	-17.10
480.567	0.912	-20.03	-8.501
480.600	0.221	-19.91	0.656
480.633	-0.415	-19.58	-4.635
480.667	-1.084	-20.42	-4.895
480.700	-1.777	-20.04	13.89
480.733	-2.420	-19.24	15.09
480.767	-3.060	-19.13	20.17
480.800	-3.695	-18.04	29.14
480.833	-4.262	-16.91	28.82
480.867	-4.823	-16.31	36.63
480.900	-5.350	-14.52	47.34
480.933	-5.791	-12.91	42.77
480.967	-6.210	-11.86	43.20
481.000	-6.582	-10.03	57.28
481.033	-6.879	-7.964	55.38
481.067	-7.113	-6.325	49.85
481.100	-7.301	-4.711	51.48
481.133	-7.427	-2.860	59.15
481.167	-7.491	-0.797	58.04
481.200	-7.480	1.093	54.03
481.233	-7.418	2.732	56.63
481.267	-7.298	4.838	58.55
481.300	-7.096	6.759	55.67
481.333	-6.847	8.435	50.96
481.367	-6.534	10.22	47.47
481.400	-6.166	11.61	41.14
481.433	-5.760	12.91	48.78
481.467	-5.305	14.81	39.76
481.500	-4.772	15.82	37.64
481.533	-4.251	16.92	31.87
481.567	-3.644	18.32	24.01
481.600	-3.029	18.38	10.81
481.633	-2.418	18.92	19.25
481.667	-1.768	19.80	11.73
481.700	-1.098	19.75	1.629
481.733	-0.451	19.73	2.514
481.767	0.217	20.05	-5.902
481.800	0.886	19.39	-14.45
481.833	1.509	18.87	-14.04
481.867	2.144	18.65	-23.48
481.900	2.753	17.31	-36.69
481.933	3.298	16.03	-27.81
481.967	3.822	15.53	-33.54
482.000	4.333	13.99	-44.87
482.033	4.754	12.23	-49.28
482.067	5.149	10.91	-50.38
482.100	5.482	8.831	-54.25
482.133	5.737	7.167	-49.83
482.167	5.959	5.674	-52.68
482.200	6.116	3.598	-58.91
482.233	6.199	1.695	-59.09
482.267	6.229	-0.258	-56.16
482.300	6.182	-2.148	-57.29
482.333	6.085	-3.978	-53.87
482.367	5.917	-5.827	-51.39
482.400	5.697	-7.363	-54.42
482.433	5.426	-9.382	-58.46
482.467	5.071	-11.40	-50.23
482.500	4.666	-12.69	-42.45
482.533	4.225	-14.14	-41.32
482.567	3.723	-15.56	-31.23
482.600	3.188	-16.21	-31.75
482.633	2.642	-17.49	-33.39
482.667	2.022	-18.73	-21.77
482.700	1.394	-18.82	-15.18
482.733	0.767	-19.60	-20.02
482.767	8.697E-2	-20.39	-2.595
482.800	-0.592	-19.74	7.499
482.833	-1.229	-19.64	-0.591
482.867	-1.901	-20.04	7.481
482.900	-2.565	-19.14	19.52
482.933	-3.177	-18.51	22.21
482.967	-3.799	-17.92	34.66
483.000	-4.372	-16.12	39.94
483.033	-4.874	-15.06	35.13
483.067	-5.375	-14.07	36.92
483.100	-5.812	-12.41	42.99
483.133	-6.203	-11.23	41.54
483.167	-6.560	-9.731	52.67
483.200	-6.851	-7.661	52.94
483.233	-7.071	-6.100	55.53
483.267	-7.258	-4.184	57.98
483.300	-7.350	-1.998	57.99
483.333	-7.391	-0.429	53.70
483.367	-7.378	1.547	56.17
483.400	-7.288	3.424	56.00
483.433	-7.150	5.176	51.79
483.467	-6.943	6.958	54.77
483.500	-6.686	8.749	59.89
483.533	-6.360	10.97	52.48
483.567	-5.955	12.40	39.20
483.600	-5.533	13.38	36.80
483.633	-5.063	14.91	-37.60
483.667	-4.539	11.59	-2.872
483.700	-4.290	12.68	65.18
483.733	-3.693	18.00	94.56
483.767	-3.090	18.25	20.56
483.800	-2.477	19.27	16.02
483.833	-1.805	19.62	4.485
483.867	-1.169	19.27	8.385
483.900	-0.520	20.20	7.809
483.933	0.178	20.10	-15.25
483.967	0.820	18.89	-19.16
484.000	1.437	18.80	-15.31
484.033	2.073	18.13	-23.60
484.067	2.646	16.95	-21.72
484.100	3.203	16.75	-22.39
484.133	3.763	15.66	-41.07
484.167	4.247	13.79	-42.60
484.200	4.682	12.80	-38.60
484.233	5.101	11.42	-47.80
484.267	5.444	9.445	-53.31
484.300	5.730	7.891	-54.87
484.333	5.970	5.886	-60.29
484.367	6.123	3.729	-60.38
484.400	6.218	1.931	-55.88
484.433	6.252	3.819E-3	-56.64
484.467	6.218	-1.871	-58.39
484.500	6.127	-3.842	-55.45
484.533	5.962	-5.652	-54.33
484.567	5.750	-7.370	-54.92
484.600	5.471	-9.356	-50.86
484.633	5.126	-10.83	-44.22
484.667	4.749	-12.18	-44.00
484.700	4.314	-13.83	-37.95
484.733	3.827	-14.79	-33.63
484.767	3.329	-15.88	-41.96
484.800	2.769	-17.69	-34.02
484.833	2.149	-18.31	-16.98
484.867	1.548	-18.54	-20.22
484.900	0.913	-19.75	-11.99
484.933	0.232	-19.59	1.837
484.967	-0.393	-19.21	-3.779
485.000	-1.049	-20.05	-1.288
485.033	-1.729	-19.46	16.29
485.067	-2.347	-18.63	16.11
485.100	-2.971	-18.57	14.79
485.133	-3.585	-17.69	26.11
485.167	-4.150	-16.69	25.77
485.200	-4.697	-16.05	36.58
485.233	-5.220	-14.37	42.95
485.267	-5.655	-12.89	43.49
485.300	-6.079	-11.75	43.58
485.333	-6.439	-9.859	55.96
485.367	-6.737	-8.025	52.22
485.400	-6.974	-6.356	48.71
485.433	-7.161	-4.806	53.97
485.467	-7.294	-2.810	60.55
485.500	-7.348	-0.674	58.55
485.533	-7.339	1.074	52.14
485.567	-7.276	2.773	53.50
485.600	-7.154	4.639	57.13
485.633	-6.967	6.594	56.00
485.667	-6.715	8.395	53.97
485.700	-6.407	10.15	44.21
485.733	-6.038	11.44	42.92
485.767	-5.645	12.83	46.03
485.800	-5.182	14.65	39.24
485.833	-4.668	15.51	31.32
485.867	-4.148	16.52	35.82
485.900	-3.567	18.06	27.31
485.933	-2.944	18.42	18.02
485.967	-2.339	18.98	18.24
486.000	-1.679	19.89	10.77
486.033	-1.013	19.66	0.214
486.067	-0.368	19.74	1.166
486.100	0.303	19.93	-13.36
486.133	0.961	18.85	-18.65
486.167	1.560	18.41	-15.50
486.200	2.188	18.16	-23.44
486.233	2.771	16.71	-31.78
486.267	3.302	15.92	-24.08
486.300	3.832	15.29	-33.23
486.333	4.321	13.68	-45.66
486.367	4.744	12.13	-47.10
486.400	5.130	10.66	-49.35
486.433	5.454	8.785	-50.67
486.467	5.716	7.228	-50.04
486.500	5.936	5.561	-54.08
486.533	6.086	3.545	-56.46
486.567	6.172	1.788	-56.45
486.600	6.205	-0.147	-55.50
486.633	6.163	-2.018	-59.10
486.667	6.071	-3.961	-63.15
486.700	5.899	-6.306	-58.70
486.733	5.651	-7.953	-54.01
486.767	5.368	-9.712	-50.28
486.800	5.003	-11.51	-44.46
486.833	4.601	-12.58	-43.70
486.867	4.164	-14.32	-45.03
486.900	3.646	-15.82	-31.45
486.933	3.110	-16.29	-30.23
486.967	2.560	-17.68	-33.91
487.000	1.931	-18.87	-19.85
487.033	1.302	-18.84	-10.73
487.067	0.676	-19.48	-8.245
487.100	4.026E-3	-19.65	0.672
487.133	-0.635	-19.19	-0.732
487.167	-1.275	-19.71	-1.803
487.200	-1.949	-19.54	13.78
487.233	-2.578	-18.58	17.71
487.267	-3.187	-18.35	17.84
487.300	-3.802	-17.58	32.09
487.333	-4.359	-16.05	38.24
487.367	-4.872	-15.01	38.92
487.400	-5.360	-13.60	35.77
487.433	-5.778	-12.41	36.69
487.467	-6.187	-11.38	40.54
487.500	-6.537	-9.603	55.40
487.533	-6.827	-7.699	51.81
487.567	-7.050	-6.081	55.40
487.600	-7.233	-4.158	59.93
487.633	-7.328	-1.933	63.07
487.667	-7.361	-1.832E-2	56.78
487.700	-7.329	1.876	55.75
487.733	-7.236	3.684	56.45
487.767	-7.083	5.622	54.22
487.800	-6.862	7.363	49.67
487.833	-6.592	8.874	48.67
487.867	-6.270	10.60	44.03
487.900	-5.886	11.91	42.53
487.933	-5.476	13.27	49.70
487.967	-5.001	15.30	40.05
488.000	-4.456	16.13	25.50
488.033	-3.926	16.68	30.45
488.067	-3.344	18.29	27.79
488.100	-2.707	18.72	12.21
488.133	-2.096	18.80	13.18
488.167	-1.453	19.73	6.606
488.200	-0.781	19.41	-8.165
488.233	-0.159	18.87	3.255
488.267	0.477	19.72	0.206
488.300	1.155	19.19	-14.80
488.333	1.756	18.28	-20.19
488.367	2.374	18.13	-20.15
488.400	2.965	16.91	-37.36
488.433	3.501	15.53	-32.33
488.467	4.001	14.75	-39.52
488.500	4.484	13.11	-46.71
488.533	4.875	11.33	-47.64
488.567	5.239	10.14	-41.78
488.600	5.551	8.486	-53.15
488.633	5.805	6.615	-55.95
488.667	5.992	4.711	-56.09
488.700	6.119	2.902	-53.60
488.733	6.185	1.121	-56.84
488.767	6.194	-0.841	-59.54
488.800	6.129	-2.906	-57.28
488.833	6.000	-4.660	-54.37
488.867	5.818	-6.476	-48.29
488.900	5.569	-7.987	-55.61
488.933	5.286	-9.966	-56.73
488.967	4.904	-12.04	-48.02
489.000	4.483	-13.06	-38.74
489.033	4.033	-14.52	-40.98
489.067	3.516	-15.96	-28.51
489.100	2.969	-16.39	-26.72
489.133	2.423	-17.52	-34.82
489.167	1.801	-18.99	-21.98
489.200	1.157	-18.97	-6.604
489.233	0.536	-19.20	-7.132
489.267	-0.123	-19.68	-4.481
489.300	-0.776	-19.41	-0.501
489.333	-1.417	-19.62	3.157
489.367	-2.084	-19.42	18.53
489.400	-2.711	-18.25	20.59
489.433	-3.300	-17.92	15.83
489.467	-3.906	-17.46	29.97
489.500	-4.464	-15.81	42.66
489.533	-4.960	-14.51	33.88
489.567	-5.431	-13.64	40.60
489.600	-5.870	-11.90	46.83
489.633	-6.224	-10.28	44.02
489.667	-6.555	-9.152	45.18
489.700	-6.834	-7.259	53.96
489.733	-7.039	-5.443	55.31
489.767	-7.197	-3.686	52.79
489.800	-7.285	-1.832	57.53
489.833	-7.319	6.545E-2	56.34
489.867	-7.280	2.008	56.04
489.900	-7.186	3.752	54.78
489.933	-7.030	5.658	55.34
489.967	-6.808	7.478	48.38
490.000	-6.532	8.891	54.48
490.033	-6.216	10.95	53.34
490.067	-5.802	12.74	43.31
490.100	-5.366	13.64	36.69
490.133	-4.892	15.17	38.56
490.167	-4.355	16.36	25.70
490.200	-3.802	16.79	31.70
490.233	-3.236	18.30	30.09
490.267	-2.581	19.21	12.46
490.300	-1.955	18.82	3.898
490.333	-1.327	19.45	5.074
490.367	-0.658	19.42	-8.951
490.400	-3.248E-2	18.61	-4.776
490.433	0.582	19.05	-0.359
490.467	1.238	18.89	-10.41
490.500	1.842	18.06	-21.31
490.533	2.442	17.62	-24.54
490.567	3.017	16.44	-40.75
490.600	3.538	14.84	-33.93
490.633	4.006	14.06	-33.50
490.667	4.476	12.90	-41.74
490.700	4.866	11.04	-50.60
490.733	5.211	9.608	-50.10
490.767	5.507	7.739	-52.59
490.800	5.727	5.980	-49.30
490.833	5.905	4.544	-49.23
490.867	6.030	2.709	-56.67
490.900	6.086	0.720	-61.69
490.933	6.078	-1.366	-61.00
490.967	5.995	-3.405	-55.53
491.000	5.851	-5.058	-54.36
491.033	5.658	-6.949	-52.76
491.067	5.388	-8.708	-49.31
491.100	5.077	-10.13	-46.46
491.133	4.712	-11.82	-47.54
491.167	4.289	-13.35	-39.45
491.200	3.823	-14.45	-38.64
491.233	3.326	-15.83	-29.81
491.267	2.767	-16.65	-26.35
491.300	2.216	-17.31	-25.50
491.333	1.613	-18.52	-17.31
491.367	0.981	-18.54	-8.617
491.400	0.377	-18.81	-9.983
491.433	-0.273	-19.47	-6.142
491.467	-0.921	-19.15	1.314
491.500	-1.550	-19.25	5.209E-2
491.533	-2.204	-19.34	15.69
491.567	-2.839	-18.19	25.06
491.600	-3.417	-17.45	18.08
491.633	-4.003	-17.19	28.53
491.667	-4.563	-15.60	38.29
491.700	-5.043	-14.35	37.29
491.733	-5.520	-13.41	40.36
491.767	-5.937	-11.54	50.08
491.800	-6.289	-10.01	50.17
491.833	-6.604	-8.330	53.89
491.867	-6.845	-6.309	49.54
491.900	-7.025	-4.986	46.64
491.933	-7.177	-3.381	50.25
491.967	-7.250	-1.459	57.12
492.000	-7.274	0.317	64.42
492.033	-7.229	2.821	65.32
492.067	-7.086	4.857	53.44
492.100	-6.905	6.226	45.13
492.133	-6.671	7.886	44.96
492.167	-6.379	9.282	49.50
492.200	-6.052	11.04	50.30
492.233	-5.644	12.83	42.90
492.267	-5.197	13.82	39.92
492.300	-4.722	15.37	37.16
492.333	-4.172	16.55	27.73
492.367	-3.619	17.02	23.51
492.400	-3.038	18.13	23.97
492.433	-2.410	18.77	7.237
492.467	-1.786	18.52	9.766
492.500	-1.175	19.24	11.96
492.533	-0.504	19.67	1.409
492.567	0.136	19.09	-5.846
492.600	0.769	19.28	-10.35
492.633	1.421	18.63	-25.89
492.667	2.011	17.29	-19.48
492.700	2.574	17.30	-21.64
492.733	3.164	16.23	-38.34
492.767	3.656	14.33	-41.29
492.800	4.119	13.60	-30.40
492.833	4.563	12.41	-42.15
492.867	4.947	10.70	-50.72
492.900	5.276	9.045	-49.94
492.933	5.550	7.364	-54.49
492.967	5.767	5.444	-52.38
493.000	5.913	3.771	-55.81
493.033	6.019	1.889	-53.74
493.067	6.039	-5.753E-3	-59.73
493.100	6.018	-1.901	-52.82
493.133	5.912	-3.729	-57.38
493.167	5.770	-5.520	-54.09
493.200	5.544	-7.508	-55.27
493.233	5.269	-9.114	-43.27
493.267	4.936	-10.47	-45.95
493.300	4.571	-12.04	-42.42
493.333	4.134	-13.48	-45.56
493.367	3.672	-14.87	-42.22
493.400	3.142	-16.46	-27.13
493.433	2.575	-16.74	-18.41
493.467	2.027	-17.39	-27.13
493.500	1.415	-18.79	-21.57
493.533	0.774	-18.88	-5.461
493.567	0.157	-18.93	-8.201
493.600	-0.488	-19.56	-6.534
493.633	-1.147	-19.42	5.317
493.667	-1.782	-19.07	6.340
493.700	-2.419	-19.06	18.56
493.733	-3.053	-17.97	28.85
493.767	-3.617	-16.85	27.19
493.800	-4.176	-16.35	25.95
493.833	-4.707	-15.12	32.08
493.867	-5.184	-14.08	35.38
493.900	-5.645	-12.94	41.50
493.933	-6.046	-11.20	46.96
493.967	-6.392	-9.784	49.16
494.000	-6.699	-8.041	53.82
494.033	-6.928	-6.068	59.03
494.067	-7.103	-4.188	55.32
494.100	-7.207	-2.310	47.90
494.133	-7.257	-0.986	51.13
494.167	-7.273	0.927	58.04
494.200	-7.195	3.102	58.01
494.233	-7.066	4.697	47.81
494.267	-6.882	6.302	52.86
494.300	-6.646	8.171	54.28
494.333	-6.338	10.01	56.10
494.367	-5.979	11.82	48.65
494.400	-5.550	13.38	37.84
494.433	-5.087	14.28	34.50
494.467	-4.598	15.59	34.50
494.500	-4.048	16.75	25.09
494.533	-3.481	17.18	22.26
494.567	-2.903	18.14	20.02
494.600	-2.272	18.73	7.245
494.633	-1.654	18.47	7.122
494.667	-1.041	19.11	12.83
494.700	-0.380	19.58	-0.332
494.733	0.264	18.96	-6.735
494.767	0.884	19.00	-10.22
494.800	1.531	18.57	-23.21
494.833	2.122	17.23	-28.67
494.867	2.680	16.65	-22.94
494.900	3.232	15.85	-32.05
494.933	3.737	14.42	-33.98
494.967	4.193	13.51	-40.45
495.000	4.637	11.96	-49.99
495.033	4.991	9.918	-46.33
495.067	5.298	8.914	-44.71
495.100	5.585	7.154	-58.79
495.133	5.775	4.760	-65.73
495.167	5.902	2.847	-53.13
495.200	5.965	1.177	-49.61
495.233	5.981	-0.398	-50.38
495.267	5.939	-2.198	-54.48
495.300	5.834	-4.040	-51.48
495.333	5.669	-5.658	-54.10
495.367	5.457	-7.548	-56.64
495.400	5.166	-9.556	-48.74
495.433	4.820	-10.80	-44.87
495.467	4.446	-12.39	-42.65
495.500	3.994	-13.87	-41.10
495.533	3.521	-14.94	-37.28
495.567	2.998	-16.42	-32.33
495.600	2.427	-17.19	-18.74
495.633	1.852	-17.54	-20.12
495.667	1.258	-18.51	-15.10
495.700	0.618	-18.76	-8.474
495.733	6.978E-3	-18.79	-5.966
495.767	-0.635	-19.34	-4.928
495.800	-1.282	-19.12	4.698
495.833	-1.910	-18.91	6.684
495.867	-2.543	-18.78	18.45
495.900	-3.161	-17.72	27.91
495.933	-3.725	-16.74	24.86
495.967	-4.277	-16.19	30.29
496.000	-4.804	-14.78	36.35
496.033	-5.262	-13.56	38.33
496.067	-5.708	-12.44	42.41
496.100	-6.092	-10.62	50.74
496.133	-6.416	-9.034	45.83
496.167	-6.694	-7.605	49.12
496.200	-6.923	-5.799	55.48
496.233	-7.081	-3.835	57.53
496.267	-7.179	-1.995	54.75
496.300	-7.214	-0.170	56.69
496.333	-7.190	1.753	57.46
496.367	-7.097	3.702	55.76
496.400	-6.943	5.460	53.57
496.433	-6.733	7.252	48.91
496.467	-6.460	8.784	44.57
496.500	-6.147	10.15	45.86
496.533	-5.783	11.85	49.30
496.567	-5.358	13.49	35.65
496.600	-4.884	14.28	33.20
496.633	-4.406	15.46	36.31
496.667	-3.854	16.95	26.74
496.700	-3.276	17.22	23.20
496.733	-2.706	18.24	20.42
496.767	-2.059	18.98	10.30
496.800	-1.440	18.64	3.810
496.833	-0.817	19.24	4.429
496.867	-0.158	19.16	-12.89
496.900	0.461	18.18	-12.20
496.933	1.054	18.26	-6.985
496.967	1.678	18.00	-17.91
497.000	2.255	16.86	-25.13
497.033	2.802	16.32	-24.45
497.067	3.343	15.38	-32.56
497.100	3.828	14.01	-36.64
497.133	4.277	12.97	-38.79
497.167	4.693	11.50	-46.53
497.200	5.043	9.770	-49.17
497.233	5.344	8.256	-47.00
497.267	5.594	6.644	-49.38
497.300	5.787	4.953	-56.71
497.333	5.924	2.912	-61.61
497.367	5.981	0.763	-59.17
497.400	5.975	-1.017	-53.11
497.433	5.913	-2.748	-51.22
497.467	5.792	-4.458	-56.66
497.500	5.616	-6.455	-56.91
497.533	5.361	-8.374	-46.60
497.567	5.058	-9.537	-40.89
497.600	4.725	-10.98	-48.91
497.633	4.326	-12.89	-44.70
497.667	3.866	-14.04	-36.11
497.700	3.390	-15.12	-36.85
497.733	2.858	-16.61	-28.70
497.767	2.283	-17.12	-17.71
497.800	1.717	-17.57	-20.69
497.833	1.111	-18.62	-11.30
497.867	0.475	-18.46	-2.256
497.900	-0.119	-18.44	-7.939
497.933	-0.754	-19.22	-5.289
497.967	-1.401	-18.84	11.71
498.000	-2.010	-18.26	14.24
498.033	-2.618	-18.00	18.40
498.067	-3.210	-17.07	18.78
498.100	-3.756	-16.56	19.49
498.133	-4.314	-16.02	30.50
498.167	-4.824	-14.42	43.22
498.200	-5.275	-13.06	39.57
498.233	-5.695	-11.87	42.38
498.267	-6.067	-10.23	54.63
498.300	-6.377	-8.220	54.45
498.333	-6.615	-6.515	47.79
498.367	-6.811	-5.121	46.00
498.400	-6.956	-3.446	51.85
498.433	-7.041	-1.645	53.44
498.467	-7.066	0.120	53.92
498.500	-7.033	1.934	54.14
498.533	-6.937	3.752	52.65
498.567	-6.783	5.441	55.68
498.600	-6.574	7.409	55.23
498.633	-6.289	9.238	49.15
498.667	-5.958	10.62	45.27
498.700	-5.581	12.23	41.65
498.733	-5.143	13.50	32.88
498.767	-4.681	14.33	39.73
498.800	-4.188	16.05	38.09
498.833	-3.611	17.18	21.73
498.867	-3.043	17.25	18.08
498.900	-2.461	18.34	19.71
498.933	-1.820	18.84	6.560
498.967	-1.205	18.53	3.721
499.000	-0.585	19.09	2.130
499.033	6.793E-2	18.90	-11.79
499.067	0.675	18.06	-7.717
499.100	1.272	18.37	-5.552
499.133	1.900	17.97	-21.53
499.167	2.470	16.68	-31.55
499.200	3.012	15.92	-31.42
499.233	3.532	14.68	-37.52
499.267	3.991	13.28	-37.66
499.300	4.417	12.24	-36.97
499.333	4.807	10.85	-49.33
499.367	5.141	8.940	-54.08
499.400	5.403	7.159	-48.08
499.433	5.618	5.782	-44.90
499.467	5.788	4.204	-52.88
499.500	5.898	2.244	-51.66
499.533	5.938	0.665	-54.58
499.567	5.943	-1.204	-60.11
499.600	5.858	-3.513	-59.23
499.633	5.708	-5.143	-51.82
499.667	5.515	-6.867	-53.94
499.700	5.251	-8.820	-44.95
499.733	4.927	-9.935	-39.95
499.767	4.588	-11.26	-52.33
499.800	4.176	-13.54	-41.74
499.833	3.686	-14.28	-25.68
499.867	3.224	-14.82	-29.46
499.900	2.698	-16.49	-33.90
499.933	2.125	-17.15	-25.84
499.967	1.554	-17.98	-25.57
500.000	0.926	-19.07	-12.47
500.033	0.283	-18.82	0.240
500.067	-0.328	-18.82	-1.799
500.100	-0.971	-19.16	5.441
500.133	-1.606	-18.43	11.27
500.167	-2.200	-18.21	7.561
500.200	-2.820	-18.18	18.01
500.233	-3.412	-16.96	31.52
500.267	-3.950	-15.93	28.64
500.300	-4.474	-15.18	29.61
500.333	-4.962	-13.93	36.27
500.367	-5.403	-12.71	37.73
500.400	-5.810	-11.48	46.81
500.433	-6.168	-9.618	50.29
500.467	-6.451	-7.978	48.06
500.500	-6.700	-6.559	46.16
500.533	-6.888	-4.831	52.39
500.567	-7.022	-3.093	58.07
500.600	-7.094	-0.984	57.09
500.633	-7.087	0.833	53.58
500.667	-7.039	2.455	53.92
500.700	-6.924	4.476	57.13
500.733	-6.740	6.300	56.37
500.767	-6.504	8.163	52.75
500.800	-6.196	9.910	44.58
500.833	-5.843	11.10	41.53
500.867	-5.456	12.59	-22.83
500.900	-5.004	10.26	3.165
500.933	-4.772	11.12	52.35
500.967	-4.262	15.40	86.87
501.000	-3.746	16.24	30.80
501.033	-3.179	17.56	28.58
501.067	-2.575	18.20	12.48
501.100	-1.966	18.32	12.34
501.133	-1.353	18.95	7.187
501.167	-0.703	19.02	-3.368
501.200	-8.522E-2	18.51	-2.731
501.233	0.531	18.85	-5.015
501.267	1.172	18.40	-20.24
501.300	1.757	17.26	-23.77
501.333	2.322	16.85	-21.78
501.367	2.881	15.94	-28.93
501.400	3.385	14.76	-30.18
501.433	3.865	14.00	-33.54
501.467	4.319	12.61	-40.64
501.500	4.705	11.13	-41.81
501.533	5.060	9.929	-49.73
501.567	5.367	7.865	-57.09
501.600	5.585	5.928	-55.12
501.633	5.762	4.352	-50.17
501.667	5.875	2.511	-51.70
501.700	5.930	0.906	-52.59
501.733	5.935	-0.929	-56.84
501.767	5.868	-2.955	-56.84
501.800	5.738	-4.712	-50.11
501.833	5.554	-6.289	-46.44
501.867	5.319	-7.799	-53.11
501.900	5.034	-9.764	-56.63
501.933	4.668	-11.71	-46.39
501.967	4.253	-12.84	-32.40
502.000	3.812	-13.80	-33.89
502.033	3.334	-15.09	-31.75
502.067	2.806	-16.02	-32.27
502.100	2.266	-17.07	-32.52
502.133	1.668	-18.35	-18.96
502.167	1.043	-18.38	-8.186
502.200	0.443	-18.64	-8.140
502.233	-0.200	-19.17	-0.574
502.267	-0.835	-18.62	5.175
502.300	-1.441	-18.64	1.455
502.333	-2.078	-18.77	13.82
502.367	-2.693	-17.66	27.65
502.400	-3.256	-16.78	22.45
502.433	-3.811	-16.29	26.66
502.467	-4.342	-15.04	27.78
502.500	-4.814	-14.23	31.50
502.533	-5.291	-13.24	39.24
502.567	-5.697	-11.41	48.82
502.600	-6.051	-10.01	47.50
502.633	-6.364	-8.324	49.86
502.667	-6.606	-6.572	50.51
502.700	-6.802	-5.030	47.60
502.733	-6.942	-3.371	50.38
502.767	-7.027	-1.686	51.75
502.800	-7.054	8.479E-2	57.64
502.833	-7.021	2.125	54.78
502.867	-6.912	3.852	52.88
502.900	-6.764	5.501	50.28
502.933	-6.546	7.317	49.60
502.967	-6.277	8.770	52.43
503.000	-5.961	10.73	47.13
503.033	-5.562	12.15	37.18
503.067	-5.151	12.98	38.17
503.100	-4.696	14.71	38.24
503.133	-4.171	15.74	25.10
503.167	-3.647	16.16	28.88
503.200	-3.094	17.65	28.50
503.233	-2.471	18.34	14.46
503.267	-1.871	18.32	12.19
503.300	-1.250	19.21	9.448
503.333	-0.590	19.15	-6.731
503.367	2.738E-2	18.50	-6.645
503.400	0.644	18.76	-7.499
503.433	1.278	18.20	-20.98
503.467	1.857	17.12	-22.28
503.500	2.419	16.78	-20.24
503.533	2.975	15.89	-29.72
503.567	3.479	14.65	-34.25
503.600	3.952	13.67	-41.35
503.633	4.390	11.97	-47.49
503.667	4.750	10.31	-43.86
503.700	5.078	9.169	-43.31
503.733	5.362	7.461	-52.21
503.767	5.575	5.594	-54.05
503.800	5.735	3.905	-53.69
503.833	5.835	2.021	-57.67
503.867	5.869	3.948E-2	-57.79
503.900	5.838	-1.840	-54.19
503.933	5.747	-3.572	-50.71
503.967	5.600	-5.214	-55.00
504.000	5.399	-7.186	-48.55
504.033	5.121	-8.626	-43.94
504.067	4.824	-9.889	-42.44
504.100	4.461	-11.59	-38.28
504.133	4.051	-12.48	-36.69
504.167	3.629	-13.82	-42.06
504.200	3.130	-15.52	-34.76
504.233	2.595	-16.11	-25.72
504.267	2.056	-17.05	-24.57
504.300	1.458	-17.99	-13.47
504.333	0.857	-17.86	-6.005
504.367	0.267	-18.25	-11.55
504.400	-0.360	-18.82	-2.460
504.433	-0.987	-18.39	6.422
504.467	-1.586	-18.23	2.238
504.500	-2.203	-18.40	11.64
504.533	-2.813	-17.50	22.60
504.567	-3.369	-16.68	24.33
504.600	-3.924	-16.07	26.65
504.633	-4.441	-14.83	33.19
504.667	-4.913	-13.81	36.72
504.700	-5.361	-12.50	46.94
504.733	-5.747	-10.60	46.32
504.767	-6.068	-9.319	45.33
504.800	-6.368	-7.798	47.54
504.833	-6.588	-5.945	45.61
504.867	-6.764	-4.812	44.48
504.900	-6.909	-3.109	57.44
504.933	-6.972	-0.851	60.49
504.967	-6.965	0.938	51.74
505.000	-6.909	2.543	50.96
505.033	-6.796	4.338	59.65
505.067	-6.620	6.493	56.02
505.100	-6.363	8.213	46.79
505.133	-6.072	9.475	45.09
505.167	-5.731	11.22	45.44
505.200	-5.324	12.62	31.32
505.233	-4.890	13.25	33.19
505.267	-4.441	14.67	36.62
505.300	-3.912	15.98	31.07
505.333	-3.375	16.54	26.28
505.367	-2.809	17.73	21.78
505.400	-2.193	18.19	10.02
505.433	-1.596	18.17	9.676
505.467	-0.981	18.90	8.124
505.500	-0.337	18.87	-7.595
505.533	0.277	18.21	-5.457
505.567	0.878	18.46	-8.163
505.600	1.507	17.95	-22.90
505.633	2.074	16.66	-24.66
505.667	2.618	16.33	-24.67
505.700	3.163	15.23	-32.69
505.733	3.633	13.86	-33.67
505.767	4.087	13.15	-36.72
505.800	4.510	11.48	-46.82
505.833	4.853	9.820	-40.32
505.867	5.165	8.898	-40.76
505.900	5.446	7.216	-58.07
505.933	5.646	4.896	-63.37
505.967	5.773	2.974	-54.03
506.000	5.844	1.329	-49.29
506.033	5.861	-0.308	-51.23
506.067	5.823	-2.071	-51.87
506.100	5.723	-3.804	-52.12
506.133	5.570	-5.508	-52.82
506.167	5.356	-7.341	-50.11
506.200	5.080	-8.892	-49.79
506.233	4.763	-10.56	-48.87
506.267	4.376	-12.26	-36.27
506.300	3.946	-13.01	-34.43
506.333	3.509	-14.31	-35.19
506.367	2.992	-15.67	-29.14
506.400	2.465	-16.08	-23.98
506.433	1.920	-17.21	-32.66
506.467	1.318	-18.41	-18.85
506.500	0.692	-18.48	-8.100
506.533	8.549E-2	-18.74	-7.128
506.567	-0.557	-19.17	4.291
506.600	-1.193	-18.43	7.544
506.633	-1.786	-18.42	5.870
506.667	-2.421	-18.39	16.10
506.700	-3.013	-17.16	24.92
506.733	-3.565	-16.64	27.62
506.767	-4.122	-15.59	37.81
506.800	-4.604	-13.87	35.01
506.833	-5.047	-13.25	31.51
506.867	-5.488	-12.02	42.13
506.900	-5.848	-10.19	45.06
506.933	-6.167	-9.080	40.04
506.967	-6.454	-7.614	48.92
507.000	-6.675	-5.738	55.45
507.033	-6.836	-3.930	54.92
507.067	-6.937	-2.080	54.40
507.100	-6.975	-0.286	52.35
507.133	-6.956	1.400	56.85
507.167	-6.882	3.447	54.98
507.200	-6.726	5.214	47.15
507.233	-6.534	6.474	45.31
507.267	-6.295	8.211	49.54
507.300	-5.987	9.879	49.45
507.333	-5.636	11.41	42.09
507.367	-5.226	12.78	34.84
507.400	-4.784	13.68	35.38
507.433	-4.313	15.06	29.76
507.467	-3.780	15.89	25.26
507.500	-3.254	16.48	27.77
507.533	-2.681	17.86	22.99
507.567	-2.063	18.16	6.624
507.600	-1.471	18.05	10.74
507.633	-0.859	18.93	5.800
507.667	-0.209	18.69	-7.540
507.700	0.387	18.07	-4.942
507.733	0.996	18.51	-8.976
507.767	1.620	17.66	-28.79
507.800	2.174	16.30	-21.86
507.833	2.707	16.24	-19.01
507.867	3.256	15.30	-35.20
507.900	3.727	13.60	-44.19
507.933	4.162	12.46	-38.32
507.967	4.558	11.06	-43.31
508.000	4.900	9.535	-42.17
508.033	5.193	8.235	-45.22
508.067	5.449	6.615	-55.76
508.100	5.634	4.455	-58.54
508.133	5.746	2.649	-51.45
508.167	5.811	1.102	-50.50
508.200	5.819	-0.719	-58.47
508.233	5.763	-2.797	-55.82
508.267	5.633	-4.526	-50.86
508.300	5.461	-6.078	-48.55
508.333	5.228	-7.820	-45.20
508.367	4.940	-9.123	-45.74
508.400	4.620	-10.73	-48.24
508.433	4.224	-12.50	-40.59
508.467	3.786	-13.42	-31.50
508.500	3.330	-14.48	-31.66
508.533	2.821	-15.66	-26.98
508.567	2.286	-16.25	-24.69
508.600	1.738	-17.19	-24.42
508.633	1.140	-18.05	-14.62
508.667	0.535	-18.10	-10.23
508.700	-6.673E-2	-18.62	-7.718
508.733	-0.707	-18.84	6.452
508.767	-1.323	-18.06	6.358
508.800	-1.911	-18.26	4.352
508.833	-2.540	-18.12	22.36
508.867	-3.118	-16.57	27.62
508.900	-3.645	-16.11	18.96
508.933	-4.193	-15.63	29.99
508.967	-4.687	-13.96	42.68
509.000	-5.123	-12.71	36.44
509.033	-5.534	-11.64	36.27
509.067	-5.899	-10.25	48.05
509.100	-6.218	-8.484	51.03
509.133	-6.465	-6.746	51.48
509.167	-6.667	-5.143	46.17
509.200	-6.808	-3.589	48.27
509.233	-6.907	-2.014	50.77
509.267	-6.942	-0.153	57.35
509.300	-6.917	1.788	57.36
509.333	-6.823	3.707	53.01
509.367	-6.670	5.326	52.22
509.400	-6.468	7.117	48.67
509.433	-6.195	8.696	41.29
509.467	-5.888	9.783	42.64
509.500	-5.543	11.47	46.21
509.533	-5.124	13.04	41.19
509.567	-4.674	14.10	37.14
509.600	-4.184	15.51	26.53
509.633	-3.640	16.05	18.56
509.667	-3.114	16.46	26.43
509.700	-2.543	17.93	22.61
509.733	-1.919	18.17	5.823
509.767	-1.331	17.99	5.679
509.800	-0.719	18.69	4.078
509.833	-8.561E-2	18.40	-6.049
509.867	0.507	18.02	-3.650
509.900	1.116	18.31	-10.74
509.933	1.727	17.42	-27.62
509.967	2.277	16.23	-30.26
510.000	2.810	15.52	-31.26
510.033	3.312	14.18	-34.62
510.067	3.755	13.06	-26.37
510.100	4.182	12.53	-35.74
510.133	4.590	10.83	-52.40
510.167	4.904	8.768	-47.54
510.200	5.175	7.725	-38.44
510.233	5.419	6.331	-49.51
510.267	5.597	4.334	-58.81
510.300	5.708	2.405	-58.76
510.333	5.757	0.438	-54.80
510.367	5.737	-1.307	-48.14
510.400	5.670	-2.728	-47.77
510.433	5.555	-4.447	-56.35
510.467	5.373	-6.522	-57.54
510.500	5.121	-8.335	-45.00
510.533	4.818	-9.522	-39.29
510.567	4.486	-10.85	-46.68
510.600	4.095	-12.69	-40.32
510.633	3.640	-13.68	-39.51
510.667	3.183	-15.01	-35.16
510.700	2.639	-16.38	-24.33
510.733	2.091	-16.46	-15.05
510.767	1.542	-17.26	-25.84
510.800	0.940	-18.36	-13.28
510.833	0.318	-18.19	-0.294
510.867	-0.273	-18.14	0.885
510.900	-0.891	-18.36	7.000
510.933	-1.496	-17.63	5.578
510.967	-2.067	-17.77	6.522
511.000	-2.681	-17.58	18.38
511.033	-3.238	-16.27	22.42
511.067	-3.766	-16.04	21.10
511.100	-4.308	-15.15	31.23
511.133	-4.776	-13.66	41.88
511.167	-5.219	-12.52	39.95
511.200	-5.611	-10.95	49.09
511.233	-5.949	-9.256	47.30
511.267	-6.228	-7.747	43.17
511.300	-6.465	-6.425	42.11
511.333	-6.656	-4.942	50.14
511.367	-6.795	-3.107	57.21
511.400	-6.863	-1.081	58.81
511.433	-6.867	0.812	54.80
511.467	-6.809	2.573	47.26
511.500	-6.695	3.992	46.04
511.533	-6.543	5.545	49.34